9.366535033505183350e-01 -7.158591695009854250e-32 6.591274773510003016e-02 9.389593444879516804e-02 5.366368549548196365e-02 6.489445853109671036e-02 5.068347550052866926e-03 3.700964374594616774e-02 -1.451286635441209616e-01 2.729028173516219111e-02 -8.572427371890720127e-02 -1.452579950168550807e-02 2.786660379843718116e-02 8.420007986385326382e-02 -3.627069498836191230e-02 2.078499599141680684e-02 4.156062975054379549e-02 4.730881597259210813e-02 6.700297797988845339e-02 3.322211424057242707e-02 -5.672414066491522980e-04 -4.936005776622339608e-02 -6.693534128955648532e-02 -1.028677405856994603e-01 3.841242288350583955e-02 1.530687484956984590e-01 1.053533780340182996e-02 8.420007986385326382e-02 -1.452579950168550807e-02 3.841242288350583955e-02 -3.627069498836191230e-02 1.530687484956984590e-01 6.700297797988845339e-02 4.156062975054379549e-02 -4.936005776622339608e-02 1.053533780340182996e-02 2.786660379843718116e-02 -6.693534128955648532e-02 2.078499599141680684e-02 3.322211424057242707e-02 -5.672414066491522980e-04 4.730881597259210813e-02 -1.028677405856994603e-01 2.028574567549913943e-01 3.064976555240446487e-02 3.860982928090268135e-02 2.941561770537039489e-01 1.602818520625005072e-01 -2.919319949918826665e-02 -4.602332239034225836e-01 2.114210114956344838e-02 -1.609279036103837893e-02 4.840804930327385902e-02 -4.591571789697979078e-02 3.694772063261948791e-02 1.963060716160979977e-02 -2.763256602547819324e-02 5.635093859657110127e-04 -9.087680084368904287e-02 2.072284264986520852e-02 -1.374855880952416051e-02 3.946366302466179643e-02 -2.332214517280697431e-03 2.210347877377467560e-02 -3.328352122848313166e-02 -7.098456407208388053e-02 -3.669139823609990358e-01 3.357731880788546869e-02 2.155686006876169902e-01 -1.503175578783543485e-02 9.100339004875530879e-02 -1.482319404114018635e-02 -3.048974129033713270e-03 5.887522161626948872e-03 -8.945015333805790905e-03 2.292732840631447888e-02 -2.129106066951960002e-02 2.129106066951960696e-02 5.328773592840169854e-02 2.918483133066003543e-02 -2.627441450511708992e-03 -8.776119912767417833e-03 -2.228420858130427881e-03 -2.015779364959241482e-02 -8.174082029323123367e-32 3.811995770322493260e-02 -3.618203085779884975e-02 1.650907147090626900e-02 -1.318604261875109485e-31 7.164147912813610339e-03 4.663948988940516682e-02 -3.515888889111827564e-02 -1.265426418467706024e-02 -1.079123500055170076e-02 -2.306337846396276994e-02 -2.419536057782551222e-03 7.131099019257312877e-03 7.405962143892305498e-03 -1.330369901032346126e-02 -1.838172229124949639e-02 4.616435718736293381e-02 2.930614094236798708e-02 3.419027371322195391e-02 -1.261439481044039808e-02 6.268101278775790473e-05 3.866082728768436942e-03 -4.191429259282196396e-03 7.651117009836038048e-03 -1.867820538648176307e-02 1.552120701449886259e-02 7.364787293462361426e-03 -1.918723941345864322e-03 -2.473542334594147378e-33 -1.427213461097654549e-31 -9.443400455421128992e-03 6.919366548776176989e-03 1.474478914212672132e-03 1.654965464278491255e-02 -3.572989203648073171e-03 3.642062532133241021e-02 -3.000824716187513314e-02 1.294262778745065552e-31 9.129901973118964911e-03
-7.158591695009854250e-32 7.073812200447122797e-32 1.464653160655374179e-31 -2.904529492837010018e-31 -7.156282471882430746e-31 7.313105650355035435e-31 1.506673450351095678e-32 -2.423794665047849544e-31 8.705771190382950839e-32 -5.697440225162456526e-32 3.566046206609878675e-33 -2.874225671304194603e-33 -5.915775379054415020e-32 6.154214792748218021e-31 2.396154967737859529e-31 5.905469051243910346e-31 -1.113689101403991918e-31 1.303613239605284585e-31 1.405139559366505771e-30 -1.919878437084244403e-31 9.236324667937488745e-32 2.641855362092696576e-31 1.716396337661273248e-31 -8.625137661507377414e-32 4.192951782555392991e-31 3.696910070521498560e-31 -5.441248954427505196e-32 6.154214792748218021e-31 -2.874225671304194603e-33 4.192951782555392991e-31 2.396154967737859529e-31 3.696910070521498560e-31 1.405139559366505771e-30 -1.113689101403991918e-31 2.641855362092696576e-31 -5.441248954427505196e-32 -5.915775379054415020e-32 1.716396337661273248e-31 5.905469051243910346e-31 -1.919878437084244403e-31 9.236324667937488745e-32 1.303613239605284585e-31 -8.625137661507377414e-32 1.426274629399948318e-30 1.380281340241554910e-32 -1.759798375621763975e-31 -5.462968901466171980e-31 2.498503711637495642e-33 2.038365753764371886e-32 -7.856696345711474678e-31 1.628153729300258197e-30 -6.781355490669434042e-32 -1.496528011037173620e-31 -4.319275722079524061e-32 -5.528176062728227193e-31 8.727633097859779365e-32 7.864579882044029518e-31 2.082441327459982481e-31 3.070556957281163102e-32 5.319541538777285531e-32 5.799557100346427892e-31 1.415515920993169829e-31 -9.002790283133066886e-31 -9.928961475762600787e-32 -6.444246770182586896e-32 -1.162310551474210279e-31 4.778556335025200334e-31 -2.095487491726998287e-31 -1.028550694624102236e-30 -1.513373983032305104e-31 -1.526812904511567494e-30 6.174379977238107225e-32 3.308189266733837341e-31 -6.130959011219192888e-31 3.594542398563441521e-31 1.523590402565307924e-31 4.723686259668584984e-32 -4.536677042464204320e-32 -6.318862579183990564e-31 -6.308986864702576365e-31 -1.056185659919486551e-32 1.334906052190623069e-31 1.523725264981560813e-31 1.181983902196052674e-31 1.137021630294896525e-31 -9.121147432442685179e-32 2.294471071890279837e-31 8.572375698657457382e-32 1.584754020378205919e-31 7.650011411777949106e-32 2.388092502103040766e-32 -2.169805703485331314e-31 -4.650955195183986615e-32 -2.894951895275733290e-32 1.231284396362142262e-31 -4.507669792933260814e-32 -6.845663569156468313e-32 1.031039734306528966e-31 -2.573581855366359534e-31 -1.498691428964567894e-31 9.864546926946947289e-31 1.565717162589650074e-31 3.874599511022868019e-31 -4.827998346003081253e-32 -1.753533040408792098e-32 7.263642419249157725e-32 9.765387560891333821e-32 -1.892355783198009534e-31 1.680302009006044214e-31 -3.426451775751344922e-32 -1.800089853356503120e-31 -9.767351346952564334e-32 3.352276522590504574e-33 2.432380887064868820e-31 1.208693758636086665e-31 -1.118053349749254536e-31 -1.150371678624851472e-31 2.927155546734876936e-31 -4.609947112987445150e-32 -2.321190392359524538e-31 -1.452839686193057769e-31 -1.726562701352278269e-31 2.795622472445239119e-32
6.591274773510003016e-02 1.464653160655374179e-31 9.965182964219587713e-01 -7.321040535624165346e-02 -5.811981101274089900e-02 -6.841204042120605650e-03 -5.723592131047090803e-02 -6.417825034190072220e-02 -3.936596920807776123e-01 -3.644225140852568740e-02 -1.601598813782249137e-03 2.150362225948422579e-02 9.052842694778639315e-03 -4.329702259845146645e-03 -3.899137994677508851e-02 -2.287735001143429911e-03 -9.776773454942544461e-03 -4.677860564132596544e-02 1.480846495538526708e-01 -5.165000218892257938e-03 -1.905721654293103529e-02 7.542403293165226077e-03 2.338731515876234235e-02 -1.724800459600880909e-02 -2.383959803721840548e-02 -1.954942518663914733e-02 -5.564586045099888072e-03 -4.329702259845146645e-03 2.150362225948422579e-02 -2.383959803721840548e-02 -3.899137994677508851e-02 -1.954942518663914733e-02 1.480846495538526708e-01 -9.776773454942544461e-03 7.542403293165226077e-03 -5.564586045099888072e-03 9.052842694778639315e-03 2.338731515876234235e-02 -2.287735001143429911e-03 -5.165000218892257938e-03 -1.905721654293103529e-02 -4.677860564132596544e-02 -1.724800459600880909e-02 -1.698756435928950453e-02 8.234982544366111282e-03 1.116560813417714730e-02 1.117380784866567681e-02 2.520395826124876421e-02 -1.225378575083706234e-02 -9.878703827588266109e-03 -3.853592553477559746e-02 -2.171324305845335253e-03 -3.085920689467828992e-02 -1.214118663724120945e-02 -6.407086976033722625e-02 1.872312057401009366e-01 -7.787090188169277670e-04 -5.703629696971281027e-02 -9.968899388226641622e-03 1.682077409112887542e-02 1.853178053169144551e-02 -3.484525089917409058e-02 1.675701181538102602e-01 -1.009926372362193736e-02 -9.401081788251178240e-02 -1.733051034668717932e-02 -3.362661913395371266e-02 9.974563053012671168e-03 -1.566153127990627808e-02 3.659239850667416610e-03 5.780206545875575530e-02 -2.493352656442111154e-02 -1.980573237689590982e-02 2.725455957316149508e-02 -2.319249817896594165e-02 5.363990300034054276e-02 3.628134519570481303e-02 -3.628134519570484773e-02 9.947566439707010086e-03 3.005741412515743061e-04 6.711676328084736215e-03 3.836361690105911937e-02 -6.492071552531905945e-03 5.149377791256921216e-03 1.856918243382460812e-31 -2.390614119188740061e-02 -3.293269403042334981e-02 -4.346787385072763132e-03 3.941427461224991396e-31 6.981591582226887027e-02 -7.192112880998417085e-03 4.793159693722892634e-02 4.737878027008507464e-03 -2.217331018208444637e-02 1.939343516996072658e-02 -2.577404071182889597e-03 -4.809311424367777171e-03 -1.523068365735193164e-02 -1.460549549985479430e-02 -5.835425975899884328e-03 -1.814871974837531377e-02 -1.503707765541374003e-02 4.467806588063376327e-02 -4.535844108107352744e-03 -7.011871800919201869e-03 2.009240004101459434e-02 -5.789763234030669697e-03 -3.016872816696631199e-03 1.625780633068260594e-02 -1.775533696993416427e-02 -6.935308084438139911e-03 -1.595258236272297306e-02 8.305158833891984690e-33 2.879184822610626019e-31 2.861154430762330447e-02 -9.274913364644895089e-03 -2.116032566649074173e-02 -3.268565355512819022e-03 -4.535844108107357081e-03 -1.620589242749571196e-02 1.853425395583017249e-02 -1.219118386811725759e-31 2.810479461873613069e-02
9.389593444879516804e-02 -2.904529492837010018e-31 -7.321040535624165346e-02 9.367477860290136515e-01 -5.598025455691129498e-02 -7.614689901351953151e-03 -5.898231042156520942e-02 -6.974596523919100732e-02 -4.128812735946780776e-01 -3.765462909213927040e-02 -2.870682979424173109e-02 -6.890165760951388885e-03 3.391676027619473094e-02 -8.435027182112694172e-03 -1.483733809651026879e-02 7.530749654852805439e-03 -1.496727247860645330e-02 1.592808988598995099e-02 -2.532002014499959777e-02 -5.748969737655757264e-03 2.727823938504975003e-03 1.223442450201208016e-02 -9.180419647496296590e-03 -5.099932360073311174e-03 -9.775876956938255383e-03 5.779915615621804975e-02 -1.827902384943094760e-02 -8.435027182112694172e-03 -6.890165760951388885e-03 -9.775876956938255383e-03 -1.483733809651026879e-02 5.779915615621804975e-02 -2.532002014499959777e-02 -1.496727247860645330e-02 1.223442450201208016e-02 -1.827902384943094760e-02 3.391676027619473094e-02 -9.180419647496296590e-03 7.530749654852805439e-03 -5.748969737655757264e-03 2.727823938504975003e-03 1.592808988598995099e-02 -5.099932360073311174e-03 1.157115408402754619e-01 3.424902529686256296e-03 -2.478146556821348920e-02 -1.701915633778088022e-02 -3.118609250232430921e-02 -1.096473626233781563e-02 -8.460824220848023325e-02 1.574790890482193756e-02 -3.459260327107654964e-02 2.363526106099042567e-01 -1.351390350409345520e-02 -6.962926897107185598e-02 -3.690337141764734458e-02 -2.363680218074163536e-02 -4.331189571026843044e-02 -5.807152147185861563e-02 -1.420015992949102621e-02 -6.908889431913887991e-02 1.052834988718113346e-01 -2.122131168635026793e-02 -1.124111501628543425e-02 2.839273291385760456e-02 -1.793139723699135532e-02 -5.626080120214649316e-02 -5.262719465398411900e-02 1.147417595260448453e-01 9.172520893424128061e-03 -3.838582219085884262e-02 1.120448426163195288e-02 1.866976138306608232e-02 -4.304682396397004063e-02 2.397703358825452324e-02 9.468212904116729556e-03 -1.012220629735399863e-01 1.012220629735404442e-01 -9.251406238406600880e-04 2.621007134740409653e-03 5.960549105902250566e-02 -6.437379930381558271e-03 -6.599671244203769715e-03 -1.862795483444261435e-02 -4.774489168471881610e-31 6.934713322872565477e-02 -1.982711305341204253e-02 -4.256566694053059638e-03 -6.354527773264696286e-31 -8.845977680940300333e-03 4.971090804951307923e-02 1.396847333928175755e-02 -1.473216902345485940e-02 7.666119253079209384e-05 1.561446369215153951e-02 -2.868812658079240505e-03 -7.080458975818137643e-03 5.757311657732602089e-03 -1.566836188973780297e-02 -6.495195725078912324e-03 -1.973856945985473163e-02 -1.624582889511903480e-02 -1.455247436053295866e-02 -4.058691361490516028e-03 -7.804653839191506154e-03 -1.780758538037062466e-02 3.028131196140773640e-02 -3.357968981705769865e-03 -1.187286078727188381e-02 3.757290636629423419e-02 2.938412756363248737e-02 1.018937573545038687e-02 -1.667987828248296625e-32 -1.391802849402719529e-30 5.955724216736565241e-03 -1.032356127647139979e-02 1.103587195541723409e-02 -3.638118590133150761e-03 -4.058691361490504752e-03 1.053576450207969889e-01 -1.167708229331448043e-02 9.418677582770182188e-31 -6.397649207346667657e-03
5.366368549548196365e-02 -7.156282471882430746e-31 -5.811981101274089900e-02 -5.598025455691129498e-02 9.668995525573236272e-01 -3.032527925761845794e-03 -4.390191383480809839e-02 -3.507061431480069935e-02 -2.736724249837829692e-01 -2.755850562675999510e-02 -3.307032747330748701e-02 2.407872477834426678e-02 5.723802023898530433e-02 -9.749137753580378388e-03 -1.886349751756281543e-02 1.869222472258894388e-02 -1.906117559243053136e-02 4.608216589164076948e-04 -7.997573477283879961e-03 -2.289510341150864745e-03 -2.911261862595300801e-03 -1.362564217601625396e-02 4.323704812288414745e-03 -1.840019095960281764e-02 -3.031994289827854953e-03 3.381639495688063598e-03 1.067904144431773561e-02 -9.749137753580378388e-03 2.407872477834426678e-02 -3.031994289827854953e-03 -1.886349751756281543e-02 3.381639495688063598e-03 -7.997573477283879961e-03 -1.906117559243053136e-02 -1.362564217601625396e-02 1.067904144431773561e-02 5.723802023898530433e-02 4.323704812288414745e-03 1.869222472258894388e-02 -2.289510341150864745e-03 -2.911261862595300801e-03 4.608216589164076948e-04 -1.840019095960281764e-02 4.367611925991610189e-02 -1.540853166131705108e-02 -4.052824897530417185e-03 9.341052529882744315e-03 -2.504265880322736199e-02 -1.592104567646088556e-02 -2.535791271564644817e-02 1.211508607137306293e-01 -3.537928999825731141e-02 2.852156174264071364e-02 -5.381872445645574481e-03 -3.501193551098696899e-02 -2.752434926901758602e-02 -2.808400657222386021e-02 -1.587678288243410743e-02 -2.943581685840072210e-02 1.331558226937405026e-02 -4.156137031158142758e-02 -2.618356907207742071e-02 -1.770284661312805652e-02 -4.476741094544630165e-03 5.269569994487209585e-02 -1.360905889443267056e-02 -2.014099332688231922e-02 -1.608653690921305057e-02 6.005972282171730126e-02 -3.290171705932778273e-02 -1.883496415912854632e-02 -1.634998843286116985e-02 2.946646054465364498e-02 -2.777458355372181692e-02 2.841974004471205240e-03 -1.232904956840804103e-02 -6.951625942364858535e-02 6.951625942364858535e-02 9.244217216425341943e-02 -3.047569383287644998e-02 1.074372941265762521e-01 -6.364148890269772860e-03 -5.334528109401623017e-03 -9.302549397800988565e-03 -1.538173525176149454e-30 1.608609052582728183e-02 -3.846299431704776166e-03 -4.208144384094624629e-03 -2.090619195100990026e-30 -1.021727902522222287e-02 -3.188076692725452278e-03 -5.248347423286070686e-03 -1.240746184211736700e-02 -1.927366685649167799e-02 -1.293201392723512810e-02 -1.142496229277022721e-03 -1.550775966901318456e-02 1.481052388067138730e-02 -8.782198784080329917e-03 -2.586692652592192769e-03 2.175604515698464567e-02 -8.592729305158568892e-03 -5.795480243972043512e-03 -5.893311887026586766e-03 -3.108180507003850679e-03 -3.300938320839538753e-03 4.739953317896705709e-02 -1.337301300878791441e-03 -4.728331995463318227e-03 -1.415150562069282004e-02 -3.074241801638417232e-03 2.497274807365004040e-02 -5.301098511852839363e-32 -2.570619614223395558e-30 1.725567007075791762e-02 -4.111328008072947723e-03 3.018518253103890867e-02 -1.448870060992963390e-03 -5.893311887026594573e-03 -9.260632283019418209e-03 -7.149049502207639392e-03 1.481536988767348677e-30 -2.547845037926699079e-03
6.489445853109671036e-02 7.313105650355035435e-31 -6.841204042120605650e-03 -7.614689901351953151e-03 -3.032527925761845794e-03 1.428105149363716686e+00 -5.926605431729648280e-03 -9.399555285205399638e-03 -4.626372618012793841e-02 -3.850126835324188881e-03 -1.404504267104012168e-02 -6.035385556165691508e-03 -9.115468648982986543e-04 -3.662665391999189030e-03 -7.810201900111354498e-03 -9.696800556426532448e-04 -5.000420444564528631e-03 9.532108258739091858e-03 -3.957183367524238007e-03 -8.601489181006695232e-04 -6.038857753134298754e-03 -3.690478828829594875e-03 -1.048507812136908329e-02 1.928624970439105774e-02 -5.357184913445320329e-03 -5.458688435836842046e-03 -6.344082805829435318e-03 -3.662665391999189030e-03 -6.035385556165691508e-03 -5.357184913445320329e-03 -7.810201900111354498e-03 -5.458688435836842046e-03 -3.957183367524238007e-03 -5.000420444564528631e-03 -3.690478828829594875e-03 -6.344082805829435318e-03 -9.115468648982986543e-04 -1.048507812136908329e-02 -9.696800556426532448e-04 -8.601489181006695232e-04 -6.038857753134298754e-03 9.532108258739091858e-03 1.928624970439105774e-02 4.005582324694336588e-02 -3.354303911288058788e-03 -7.186101220225538620e-03 -6.124698784241836870e-03 -1.444359581202977506e-02 5.442479278224902956e-32 -2.619516942884137292e-02 -7.079775981982797985e-03 -4.877102488632008466e-03 -5.699472054964490990e-03 -2.021922189331953976e-03 -9.383828310606322221e-03 -3.700095569211234170e-03 3.665700681307904746e-02 -8.577922342703185252e-03 -7.792771004373831578e-03 -6.890768045105119533e-03 3.446017164020375584e-02 -1.206361351119804651e-02 -8.032541776377851578e-03 -1.681872293773588193e-03 -1.027017591380159460e-02 -7.172984112740236722e-03 -1.581712145859045029e-02 -2.076563252057249745e-02 1.291334437164354428e-02 6.511671633328869335e-02 -1.360258438061790094e-02 -3.121640765853742581e-03 1.425609204073904727e-02 -1.126861590910586269e-02 -6.190777635923342369e-03 -3.508091244775128625e-03 6.585007914605922608e-03 -6.585007914605920873e-03 -5.645228143912429464e-04 -3.873281531862905833e-03 -8.065994466814789890e-03 -4.235447729452578025e-04 -6.031914513652488798e-04 -2.519577511520922682e-03 4.734723055264931355e-31 -2.436604695905785455e-03 -5.213524967375269062e-03 -2.800590602785958997e-04 1.855566661710800873e-31 -3.730285166756383834e-04 -1.197732401021532785e-03 -1.971758011666074027e-03 -1.275570124230916312e-03 -1.855135375298191339e-03 -1.699920378361288861e-03 -4.292257946529762181e-04 -2.286219297608159395e-03 -8.508754721229879088e-04 -1.983302334993573401e-03 -9.717977012795586678e-04 -2.669796881227216954e-03 -2.129255551412419234e-03 -2.177311004946303700e-03 4.520777473390146563e-32 -1.167716106063641877e-03 1.058700775772617765e-02 -3.730285166756399013e-04 -5.024123483746087155e-04 -1.776392784614024912e-03 -1.734903426723469807e-03 -1.154965632664514512e-03 -1.361782078969876611e-03 3.173390011784999721e-32 2.157834257369810190e-30 -1.162915979143272580e-03 -1.544589807934172330e-03 -3.687733513488535442e-03 -5.443277512365882849e-04 4.520777473390146563e-32 -2.294760139408810740e-03 -1.392330624760670281e-03 -8.650305657532204471e-31 -9.572029937892419672e-04
5.068347550052866926e-03 1.506673450351095678e-32 -5.723592131047090803e-02 -5.898231042156520942e-02 -4.390191383480809839e-02 -5.926605431729648280e-03 1.035165621159092275e+00 -5.434844553270329337e-02 -3.223137009498053818e-01 -2.941781919980096527e-02 -1.943824988620229677e-02 3.426892996106168862e-03 4.352124356393619747e-02 -1.905317747421365546e-02 -1.145054591393514579e-02 1.011176097648540662e-01 -1.380064681338241325e-02 -4.953167067910192733e-02 3.792371235108925320e-02 -4.474492817887814819e-03 -7.126752856265231549e-03 -7.745398252557526668e-03 2.512332706594187087e-02 -6.220323864352395038e-04 -1.653920559290145142e-02 -9.338974133305495001e-03 -6.493057485635961995e-03 -1.905317747421365546e-02 3.426892996106168862e-03 -1.653920559290145142e-02 -1.145054591393514579e-02 -9.338974133305495001e-03 3.792371235108925320e-02 -1.380064681338241325e-02 -7.745398252557526668e-03 -6.493057485635961995e-03 4.352124356393619747e-02 2.512332706594187087e-02 1.011176097648540662e-01 -4.474492817887814819e-03 -7.126752856265231549e-03 -4.953167067910192733e-02 -6.220323864352395038e-04 -2.727766272076433823e-03 6.674681357080816321e-03 5.032845248232897112e-03 -6.770956606909884178e-03 4.428640065446367256e-03 -8.635862074241910588e-03 -7.957217469791919278e-04 -6.727507127415250851e-03 2.677846294765793070e-02 -2.335881106514469188e-02 -1.051803487060307997e-02 -5.425751180270236423e-02 1.042029975922750401e-01 -1.225565139968932352e-03 -4.572099227761498852e-02 -3.752879707664867615e-02 2.457704734847417950e-03 5.847860077294886327e-02 -5.606528972465579796e-02 1.244996802300264438e-01 -8.749096046892348988e-03 -7.129400054837058132e-02 -2.159201434101391814e-02 -9.844714530890684781e-03 9.572809839447684807e-03 -6.253535172530298378e-03 -2.496152786409140678e-04 2.033646905477737646e-02 -2.060031311328916134e-02 -7.878832374023526236e-04 2.041854570709478005e-03 1.111528150228940567e-02 -3.923561757196197125e-03 3.988012145411983650e-02 -3.988012145411980180e-02 -3.944006511206495438e-03 2.308632924002894382e-02 1.145566054058487493e-04 -5.043799678321502986e-03 -5.160464941243770448e-03 -1.451497442162272278e-02 3.086484918442852332e-31 -1.921168877769396238e-02 -1.699937857163081462e-02 -3.335094394676345678e-03 3.006305662969394076e-31 -6.943956145915798801e-03 -6.230601368371681791e-03 -1.025708092651242236e-02 -1.152389259785756292e-02 1.314544278902474682e-02 -1.340321690703957791e-02 -2.232831658577830516e-03 -1.700378287792973786e-02 4.452892601921791538e-02 -1.221729158833843344e-02 -5.055289547322650012e-03 -1.538036963131804435e-02 4.971775263242906445e-02 -1.132636715448394858e-02 -3.196638565775800685e-03 -6.074456666701442097e-03 2.994529426159639462e-02 -4.442224842795226662e-03 -2.613547953282425139e-03 -9.240791436501315931e-03 -1.419616485519243493e-02 -6.008128731563851764e-03 2.334281769183003605e-02 1.623222970081458200e-32 5.216383620380131040e-31 -9.949058671831092701e-03 -8.034952851471245661e-03 -1.335776570085718193e-02 -2.831591788620876123e-03 -3.196638565775801553e-03 -1.364732669557461829e-02 -9.110445588386365673e-03 -2.962922553067325207e-31 -4.979367910416874869e-03
3.700964374594616774e-02 -2.423794665047849544e-31 -6.417825034190072220e-02 -6.974596523919100732e-02 -3.507061431480069935e-02 -9.399555285205399638e-03 -5.434844553270329337e-02 1.063201720561816721e+00 -4.108692159372738795e-01 -3.512021028777293635e-02 -1.555947248308461178e-02 -3.070987813656071014e-02 1.455789691181095039e-02 2.566691515512749960e-02 1.111889406320360797e-02 -1.574670901309839846e-02 -3.334437250463554402e-03 -3.313606527979141153e-02 -2.615131091339107858e-02 2.498484637747978507e-02 1.241074309321995792e-02 3.763798912388061774e-02 -4.245840780069012194e-02 5.543123927521881322e-02 8.863258824835285737e-03 3.962923490624642442e-02 9.022240017721450123e-03 2.566691515512749960e-02 -3.070987813656071014e-02 8.863258824835285737e-03 1.111889406320360797e-02 3.962923490624642442e-02 -2.615131091339107858e-02 -3.334437250463554402e-03 3.763798912388061774e-02 9.022240017721450123e-03 1.455789691181095039e-02 -4.245840780069012194e-02 -1.574670901309839846e-02 2.498484637747978507e-02 1.241074309321995792e-02 -3.313606527979141153e-02 5.543123927521881322e-02 -2.412495004572024621e-02 1.798490085155184104e-02 -1.458671987994244676e-02 7.826368130222556563e-02 -4.607048371708585832e-02 -3.086077595181679553e-03 3.152111651269449977e-02 -7.460681037263182380e-02 -4.457918952020843012e-02 -4.800997324181432990e-02 -1.668153066655031838e-02 1.061422812310693908e+00 -3.395318971484510839e-02 -1.046898197461241936e-01 -7.347262775440081828e-02 -6.597803608186443569e-02 -6.134309305799793416e-02 -1.029012650314263394e-01 -1.072272692584997633e-01 -8.220004715900240677e-02 -1.387600590855123280e-02 -9.287727893931509160e-02 8.796339656778541516e-03 9.551338225432612350e-02 -3.738338684545284424e-02 -4.578532715553957494e-02 3.424980126669763258e-02 -1.499646320037692146e-02 1.634776578720972817e-02 -2.769053670951490687e-02 1.632411640352024115e-02 1.368287967233693114e-02 1.108365152863877677e-02 5.168505714098308584e-02 -5.168505714098307890e-02 2.362465568502282107e-02 -4.115995150815827605e-03 -1.441541764218859378e-01 4.288195717494132364e-02 -5.699341466261859113e-03 4.918980266499604903e-02 -3.338341663799281671e-32 4.825093684210027961e-03 -5.170290408690331706e-03 2.835468974344505788e-02 -3.841070895474218639e-31 -4.865627006889159355e-03 -9.881690741303534448e-03 1.525014567509987672e-02 8.118735544884200447e-03 -1.808427186031724351e-02 -1.565453611119519209e-02 -3.541255590425646839e-03 -2.068847186025460014e-02 -9.569040649655833480e-03 -1.704193667067467263e-02 6.447349763077124540e-02 -2.255992050723744022e-02 8.337864795539464552e-03 -1.796354008639066552e-02 -1.142338144463759001e-03 -9.634046322800108100e-03 1.578132292389510492e-03 -3.971618179820050019e-03 -4.145069004575822717e-03 -1.465583140079094841e-02 5.407667446626175829e-03 -9.528850675737280534e-03 -1.319336233591933590e-02 -6.880467536578994070e-33 1.452349922681403587e-32 -1.098797943290978282e-02 -1.274337973253278182e-02 7.675839739151234416e-03 -4.490885021597710615e-03 -1.142338144463753797e-03 8.985957447846002616e-03 -1.215456921909626939e-02 -1.478167794368322205e-31 -7.897243118085974997e-03
-1.451286635441209616e-01 8.705771190382950839e-32 -3.936596920807776123e-01 -4.128812735946780776e-01 -2.736724249837829692e-01 -4.626372618012793841e-02 -3.223137009498053818e-01 -4.108692159372738795e-01 9.829513192194414550e-01 -2.065943567358122790e-01 4.994492624928337232e-02 -6.882948360194549378e-04 -7.199913891940204480e-02 1.102281153341527591e-02 4.003211921452128758e-02 -4.592175002574335613e-02 3.624528046717127860e-02 4.866894532930254175e-02 -6.063859137588613335e-02 -2.560769303970486001e-03 1.509081550051931050e-02 -1.623892320100815689e-02 -3.006309831229673178e-03 -1.143044846968607232e-02 2.938176317819099492e-02 -3.301436384331739998e-02 -1.354375899833093781e-03 1.102281153341527591e-02 -6.882948360194549378e-04 2.938176317819099492e-02 4.003211921452128758e-02 -3.301436384331739998e-02 -6.063859137588613335e-02 3.624528046717127860e-02 -1.623892320100815689e-02 -1.354375899833093781e-03 -7.199913891940204480e-02 -3.006309831229673178e-03 -4.592175002574335613e-02 -2.560769303970486001e-03 1.509081550051931050e-02 4.866894532930254175e-02 -1.143044846968607232e-02 -5.238759295571754349e-02 -7.103064572297661597e-03 1.363480394899665646e-02 -4.721033836100392567e-02 2.414532532452061744e-02 2.237909497383898556e-03 5.186325371203339557e-02 -3.277548602390750049e-03 3.188836347955952000e-02 -9.118815064957223882e-02 -8.210492343583536412e-02 -4.101817653582843226e-01 -8.764217326588111256e-02 9.113027687561281454e-02 1.258271091416461596e-01 1.048002650064701752e-01 2.630534913144307735e-02 3.539576963268239312e-02 5.159485005070409136e-02 -8.525450168514264737e-02 2.663748580255214521e-02 1.081356657694960699e-01 3.193765324334101041e-02 2.794097944032880934e-02 3.075143247958914139e-02 -4.556141655005641056e-02 -1.499580168566062160e-02 -1.153919889667815758e-02 1.141476150489801299e-02 1.496139258341513262e-02 -5.218641778613011296e-04 -8.031331040827746626e-03 -4.871622263260219632e-02 1.678664891822395991e-02 -1.678664891822397726e-02 -4.522451064787637309e-02 -1.402977919224985756e-03 -1.488812844877205688e-03 -3.240102913137485330e-02 1.575205894945600621e-02 -3.185673405150043699e-03 2.360707446329002981e-31 -2.389820327955632928e-02 4.749102444996179673e-02 -5.616388191038190411e-03 3.740335768555016609e-31 -2.086967493838978727e-02 -1.483353556942852876e-02 -3.236935297896534336e-02 1.461211166171763436e-02 1.394440391940923729e-02 -1.667280820290649446e-02 6.798076199652861203e-03 3.466587113274419152e-02 -1.269168735517758884e-02 3.723480981243233040e-02 -2.117765058388827726e-02 3.429880292535539971e-02 -1.476531661487004606e-03 3.759468130591210773e-03 9.796510867771505288e-03 1.849428242074982812e-02 -2.313884669603281583e-02 -2.853655294006789134e-02 7.957204507382006908e-03 1.381034044269884541e-02 -1.980140487036798069e-04 -3.438474986166593656e-03 -7.758591791810517772e-03 1.609358167287712512e-33 2.892661600206731643e-31 -1.339180457394991905e-02 2.446320641105216923e-02 -4.338687594047313002e-03 8.621060468847377423e-03 9.796510867771451511e-03 -4.476748516989870197e-02 1.205693793440219992e-02 -4.186432249432838310e-31 -2.849711244858049632e-03
2.729028173516219111e-02 -5.697440225162456526e-32 -3.644225140852568740e-02 -3.765462909213927040e-02 -2.755850562675999510e-02 -3.850126835324188881e-03 -2.941781919980096527e-02 -3.512021028777293635e-02 -2.065943567358122790e-01 7.905870491420681212e-01 -6.389195670936867119e-03 -5.421973736005491866e-03 -3.701275414348966127e-03 -1.237759974688470120e-02 -9.450230585751505027e-03 -8.348198272231134587e-06 -1.881833145227330972e-02 1.147003269018022700e-02 -8.204277432318683727e-03 -2.906784511144611376e-03 -2.275361241604973925e-02 -1.374096179549007778e-02 1.463140211518093245e-02 6.386741808127781306e-03 -1.889375911212769557e-02 -2.055932828329282147e-02 2.537894102012773490e-02 -1.237759974688470120e-02 -5.421973736005491866e-03 -1.889375911212769557e-02 -9.450230585751505027e-03 -2.055932828329282147e-02 -8.204277432318683727e-03 -1.881833145227330972e-02 -1.374096179549007778e-02 2.537894102012773490e-02 -3.701275414348966127e-03 1.463140211518093245e-02 -8.348198272231134587e-06 -2.906784511144611376e-03 -2.275361241604973925e-02 1.147003269018022700e-02 6.386741808127781306e-03 -3.320870439634913962e-02 -1.349878528843779894e-02 5.669717091017936576e-03 3.063397381644640885e-02 3.455909277089676962e-02 6.085539845805892911e-02 -3.722416232809787600e-03 1.984082450533776812e-02 4.048684704009548191e-02 -2.096134701911700829e-02 3.048705661519477972e-01 -3.506144850188331469e-02 -1.840468528709427939e-02 -3.831529925045675661e-02 -1.852845688854082642e-02 -1.117154305156939711e-02 -5.527697876649870570e-03 1.011649923740871176e-01 -1.551056282097723268e-02 1.117298177503850930e-02 -5.683713866731785261e-03 -4.873426909514218253e-02 -4.587312148792959364e-03 -3.374565532207456781e-02 4.601808331143002195e-02 -3.270154519477685984e-02 1.764787083941092224e-03 2.791808009030408849e-02 6.818045796414122159e-03 -3.659694947747203775e-02 3.732156936588741647e-02 -1.689167669212653794e-02 4.309246344931451367e-02 2.011781575293093011e-02 -2.011781575293091970e-02 -1.762037911367097393e-02 1.141782605092562380e-02 -1.812477843903370286e-02 -3.179504786954350740e-03 -3.283258116588140020e-03 -9.381280839801027852e-03 -4.450743657230610913e-32 -1.225708361778446442e-02 -1.832410401884686582e-02 -2.102373065765297984e-03 -1.541879639015078467e-31 -4.339958053232495332e-03 -4.047613056902046695e-03 -6.663352737442525438e-03 -7.319177214770410285e-03 2.469400581880730472e-02 4.386133340535782604e-02 -1.450524281813880302e-03 -1.087149510957180834e-02 -7.265426176323353663e-03 -7.871804225075244507e-03 -3.284090053013622498e-03 -9.940600840219606521e-03 -8.172098491957277902e-03 -7.357997867505267943e-03 -1.967349235583630476e-03 -3.946176085431611462e-03 2.757632602742871378e-02 -2.800284716520600771e-03 -1.697850688096789280e-03 -6.003136112087446158e-03 -9.045507204287869113e-03 -3.903087176283256618e-03 -7.974451247105499713e-03 -3.880251976406716332e-33 2.490932488268896253e-32 -6.329919495360165904e-03 -5.219781871827132783e-03 -2.308726349630222871e-03 -1.839499466876320455e-03 -1.967349235583620501e-03 -8.807306319913279016e-03 -5.854605211574276900e-03 1.297896965961992820e-31 -3.234768745057816936e-03
-8.572427371890720127e-02 3.566046206609878675e-33 -1.601598813782249137e-03 -2.870682979424173109e-02 -3.307032747330748701e-02 -1.404504267104012168e-02 -1.943824988620229677e-02 -1.555947248308461178e-02 4.994492624928337232e-02 -6.389195670936867119e-03 9.995194977251423696e-01 -2.262592581245895240e-02 -6.654533578448869335e-03 2.524583604025401953e-02 1.621531941255758072e-02 1.665489107191460427e-02 8.438467220112672029e-02 -7.317425038173196172e-03 2.469915485216209704e-03 -4.785514914482454432e-03 1.342289646364490559e-02 1.073789460590471312e-02 -1.171425115830431254e-02 -9.107518324758968192e-03 2.918460189419160716e-02 -7.377077630255602161e-03 -2.596416418941741369e-02 2.524583604025401953e-02 -2.262592581245895240e-02 2.918460189419160716e-02 1.621531941255758072e-02 -7.377077630255602161e-03 2.469915485216209704e-03 8.438467220112672029e-02 1.073789460590471312e-02 -2.596416418941741369e-02 -6.654533578448869335e-03 -1.171425115830431254e-02 1.665489107191460427e-02 -4.785514914482454432e-03 1.342289646364490559e-02 -7.317425038173196172e-03 -9.107518324758968192e-03 -4.644651493202291842e-02 -2.101142822999107693e-02 6.287714923488785246e-02 -3.151852416179353605e-02 6.250185133959213629e-03 -7.153147870484628280e-03 3.845392026023500970e-02 -4.512524259916858571e-02 9.826940807843511858e-03 -5.946175621632397712e-02 1.115209784346044876e-02 -1.553343897180628659e-02 4.232856476168353477e-02 1.446227741811345960e-02 1.005912419197964661e-02 1.810711168652723996e-02 -2.106350462732133402e-02 -7.394918007155554251e-03 3.745252831121756443e-02 4.305268206015677723e-03 4.977181645411239870e-03 1.015800588230719552e-02 3.784947345734834129e-02 -9.275042035860866846e-04 2.485645224840775380e-02 -4.792494904951301316e-02 -1.093537265384342261e-02 2.860791579760012943e-02 -3.314556888585149224e-03 -5.912510827579108702e-02 1.471082507651091942e-01 -8.026413691679504248e-02 -8.473026805982673826e-02 -3.188354944833129978e-02 3.188354944833131366e-02 1.493580651983964294e-02 -1.910926196562585250e-02 1.108170654994511742e-02 -3.530270908280525727e-03 1.206963486950951700e-03 3.944704835390685713e-03 1.189817752375249672e-32 -1.597656705978099667e-02 1.364429929118906315e-01 3.517085162137311045e-03 2.540145440164786802e-33 3.611667887276751032e-02 -1.238374706828560684e-02 -1.444843211534728965e-02 1.857319811752403821e-02 4.667776761236300948e-02 -1.721655393978203941e-02 -7.565696142735520678e-03 -3.249026674263944675e-02 -2.118110934273725876e-02 2.126197616753627145e-02 8.621017179528732075e-03 4.164482887564915914e-02 -3.824526525741742816e-02 -3.251854166446227490e-02 1.195902409875781742e-03 -8.240452529184935995e-03 -7.544191944673858674e-02 -9.927899002665468986e-03 -7.565207672153289632e-03 1.013819249708969479e-02 1.511960375519562881e-02 2.566706251806776667e-02 5.226987692508138286e-03 4.048238494897494814e-34 -2.498314431053280623e-32 -2.274113047083262118e-02 -3.637191008037903364e-03 3.251363365793218108e-02 -1.248067535036315179e-02 1.467065221100863348e-02 -9.907161982256659088e-04 8.811088365414249113e-03 -7.079093849639567449e-34 -1.393323171219848153e-02
-1.452579950168550807e-02 -2.874225671304194603e-33 2.150362225948422579e-02 -6.890165760951388885e-03 2.407872477834426678e-02 -6.035385556165691508e-03 3.426892996106168862e-03 -3.070987813656071014e-02 -6.882948360194549378e-04 -5.421973736005491866e-03 -2.262592581245895240e-02 1.038104349801315385e+00 -1.873103273823413170e-02 -1.940288980792590628e-02 -4.357341103174631330e-02 -1.777679979551971545e-02 -2.830863131885442280e-02 -1.314319144633983583e-01 -3.888123913123994746e-02 -4.556620081314243474e-03 -3.421332908371853970e-02 -2.075288102468087273e-02 -8.258862238070480144e-02 -1.027720327942757833e-01 -2.912776773629619301e-02 -3.091851450878229518e-02 -4.072869944490849908e-02 -1.940288980792590628e-02 1.038104349801315385e+00 -2.912776773629619301e-02 -4.357341103174631330e-02 -3.091851450878229518e-02 -3.888123913123994746e-02 -2.830863131885442280e-02 -2.075288102468087273e-02 -4.072869944490849908e-02 -1.873103273823413170e-02 -8.258862238070480144e-02 -1.777679979551971545e-02 -4.556620081314243474e-03 -3.421332908371853970e-02 -1.314319144633983583e-01 -1.027720327942757833e-01 7.478028993411343917e-03 1.080149066181434331e-02 -1.959008149220949763e-02 -2.357030383207578753e-02 1.254288321812744092e-02 -5.035526702209408047e-03 -3.399563419400074109e-03 2.485105318043477965e-02 7.901962767904281704e-02 -1.715119791312325970e-03 -1.071108857650814733e-02 -3.065849554890109560e-02 1.165603543299223444e-02 -1.677271813210140516e-02 -2.837205171299131065e-02 -1.835778049624191277e-02 -3.578152165220341296e-02 5.791362266573733993e-03 -5.040313001570546902e-02 2.489945153815105450e-02 -8.909681692020245819e-03 4.685341296989723597e-02 -2.935655874492216003e-02 -7.959563767055963246e-03 -2.358388852385050194e-02 -4.045685327880737029e-04 2.486451495698808328e-02 4.296985150822883043e-02 -1.908001786591705107e-02 1.480066277356397592e-02 -5.827496692241831283e-03 -1.904140870186759454e-02 1.580698907512372020e-02 1.820464338981004487e-02 -1.820464338981002406e-02 -1.047530674148054210e-02 -1.733690259545851145e-03 9.771637101476597642e-03 5.796253071353004577e-02 -4.374798664808612729e-03 -1.416848456644340809e-02 1.066444667583937429e-31 -1.671924581363266535e-02 -1.580366643145749220e-02 -2.578791684895375639e-03 3.035303448471126544e-31 -4.893603687261974602e-03 8.112486104172761392e-02 -1.044534494246239162e-02 -9.607693782845212749e-03 1.950824769104109180e-02 3.799340722307183865e-02 -2.273814259572705214e-03 -1.509132163101197313e-02 -8.666732975268390260e-03 7.115102307532052139e-02 -5.148077068332489875e-03 1.748244233300035033e-02 -1.220485806409133539e-02 -1.153425742871493423e-02 6.775434569925614658e-02 -6.185950532741567830e-03 2.833899039198715421e-03 -3.434857047920582794e-03 -2.661518427249242365e-03 -9.410401924988156044e-03 -1.220591361316325681e-02 -6.118405178776251119e-03 -1.040920086700197755e-02 4.144061790656318547e-33 4.293943621266936210e-31 -8.434342465106992037e-03 -8.182430725792813955e-03 3.221458026756099033e-03 -2.883564357178641183e-03 -1.863943485536633535e-03 -1.315352766089567665e-02 -8.464796718107885781e-03 -1.083214927345383233e-31 -5.070761924603216057e-03
