9.156136211078109710e-01 -2.159731544757884092e-02 5.648698659476009826e-02 1.296597220429253350e-01 6.245394419392053670e-02 8.008167977980852614e-03 2.732792479232718300e-02 4.498812474136798523e-02 -1.720355256452529291e-01 1.952667522557504504e-02 -8.005579230016833525e-02 -1.189980689204089143e-02 2.510216584355933617e-02 4.967172609301983427e-02 -6.724407849449921815e-02 3.765711233014618076e-02 2.268152147658073284e-02 6.768245504277468905e-02 2.675704028720590766e-02 2.808762149267188604e-02 2.024576820857296785e-03 -6.976565091059948320e-02 -2.194225356102488811e-02 -1.112650405674799337e-01 4.720265033118101194e-02 1.525558672908990110e-01 -1.035737645344707476e-02 4.967172609301983427e-02 -1.189980689204089143e-02 4.720265033118101194e-02 -6.724407849449921815e-02 1.525558672908990110e-01 2.675704028720590766e-02 2.268152147658073284e-02 -6.976565091059948320e-02 -1.035737645344707476e-02 2.510216584355933617e-02 -2.194225356102488811e-02 3.765711233014618076e-02 2.808762149267188604e-02 2.024576820857296785e-03 6.768245504277468905e-02 -1.112650405674799337e-01 1.949558840974261742e-01 3.117010973410226475e-03 4.780568893327318686e-02 3.111491440480149695e-01 1.661508146956236776e-01 -7.440166216698486205e-03 -4.604981191422916065e-01 4.468476162312935707e-02 -2.295683188670287478e-02 4.763098206075006003e-02 -1.635661184311617417e-02 4.358563589556636864e-02 -1.866296842140016329e-02 -3.820625001208939608e-02 -1.507771517543502263e-02 -7.578074116094335455e-02 3.520217278323067855e-02 7.542532775752254764e-04 1.881812099788301301e-02 -4.304801686373590369e-03 4.108788738527381981e-03 -2.769083038016000031e-02 -5.409954031314297140e-02 -3.732618621410450643e-01 4.612574150332901524e-02 2.020896339573772515e-01 -5.995482090744210651e-04 8.261586490194978982e-02 -3.449622811158625790e-02 3.423149317164596306e-02 -2.081466792492452783e-02 -1.485704312441335322e-02 -2.159604456095275560e-03 -2.781189712231697114e-02 2.781189712231697114e-02 3.302137425776983243e-02 2.945444148763337600e-02 1.048123992128224477e-02 2.379425487362541933e-02 -4.382485392972913091e-04 -6.885059643691264150e-03 -3.680294842677555960e-03 -1.576518179976598225e-02 -4.571653824043100250e-02 1.004022096427670784e-03 -7.522734049904335543e-03 -3.281960235505098494e-02 -5.091269154214040049e-32 1.928602250067339499e-02 4.477511520528117128e-03 2.024459831286556238e-02 -2.227438952506865036e-03 -5.476934388404979329e-03 -2.136832019620230408e-02 -1.502949799750781176e-02 -5.801219269261013479e-03 -1.404956355391179246e-02 9.543234351006610328e-03 2.093268301220820374e-02 1.178225070754631773e-02 -6.861099212641177947e-03 -2.165235347559314825e-03 3.355214405570965119e-02 -3.733582711194852188e-03 -1.710007581111550956e-03 2.408178778424852756e-02 -1.271219228857597104e-02 -2.100682224132200196e-02 -2.068301790645075706e-03 -8.033067994082976425e-33 -1.077915070987364236e-31 -1.765225867497701578e-02 -2.361202322928579109e-02 -1.251405222891885036e-02 -1.299789630333217198e-02 3.988365520371461859e-03 5.366361266240649366e-03 3.929650150604224214e-03 -3.959749821776999644e-33 4.782968310788240224e-02
-2.159731544757884092e-02 1.499731703601954846e+00 -5.873539456524614656e-03 -5.817404043437350916e-03 -2.511483206715818626e-03 -8.367257739417854109e-04 -4.045862716945765672e-03 -5.858450962662650405e-03 -3.328151247363872467e-02 -2.827629274350873956e-03 -4.158121444536717849e-04 -3.896736708340569396e-03 -7.364089571439327159e-04 -1.956328885967388662e-03 -4.818246520335415367e-03 -5.538999763949596254e-04 -2.476757059162745019e-03 -1.633794160790225797e-02 -2.638573688752082237e-03 -1.684572417461647782e-03 -4.748152889974406946e-03 -3.312685851047885918e-03 -8.052006707619307341e-03 -1.242376294673645278e-02 -2.529289138145463488e-03 1.508384990962723937e-01 -3.925852457997535370e-03 -1.956328885967388662e-03 -3.896736708340569396e-03 -2.529289138145463488e-03 -4.818246520335415367e-03 1.508384990962723937e-01 -2.638573688752082237e-03 -2.476757059162745019e-03 -3.312685851047885918e-03 -3.925852457997535370e-03 -7.364089571439327159e-04 -8.052006707619307341e-03 -5.538999763949596254e-04 -1.684572417461647782e-03 -4.748152889974406946e-03 -1.633794160790225797e-02 -1.242376294673645278e-02 -1.397801688451431532e-02 -2.925387376381978315e-03 -4.082712131470761854e-03 -4.847986484028524168e-03 5.144379562235650710e-02 5.287449015723638229e-31 -1.866696622495812863e-02 -5.908602513276289304e-03 -3.172509749224684469e-03 -4.387561600652520669e-03 -4.949832276251146671e-04 8.631413608760700462e-02 -3.149762663354491957e-03 -9.449293416818936239e-03 -6.443839043079186736e-03 -5.249858515504057452e-03 -5.384641356415384092e-03 -9.112287671143760523e-03 -8.230728892563349275e-03 -5.638274896033262755e-03 -1.729292159053030841e-03 -6.856982801754780803e-03 -4.615787820202395253e-03 -1.180811965396102309e-02 3.371536424295297485e-02 -1.260401305237823441e-02 -3.010572563124644559e-03 -9.282573279264204336e-03 -2.006034104002282770e-03 9.804889070566849898e-03 -8.275959298286629170e-03 -3.547395431101342186e-03 -2.221059703986729209e-03 -1.776043221656038035e-02 1.776043221656038035e-02 -3.597302766467967250e-04 -2.948302993277546451e-03 -6.916018142253635426e-03 -9.331852866876111548e-04 -1.328996195446057599e-03 -1.387830089342481600e-03 -3.623388658211141038e-04 -8.947514067578377518e-04 -3.138477456588965181e-03 -1.028411531439084271e-03 -4.286900000158496977e-04 -8.218841225686579618e-04 2.858800911836263017e-31 -1.241235335326837082e-03 -1.070640339958636418e-03 -1.192150183030418840e-03 -9.987708778885098868e-04 -6.304680901737854531e-04 -1.119370745123003186e-03 -7.811300215346208718e-04 -2.080837611028248275e-04 -4.758081892225090627e-04 -8.169853905127190570e-04 -1.390024884296019126e-03 -7.995355382123885916e-04 -7.001195449580509310e-04 -2.858665352295863089e-04 7.489510344565339373e-03 1.087487936534035850e-30 -3.689840604183503253e-04 -9.318763128791614832e-04 -8.494373649508403599e-04 -1.696470685335177983e-03 -4.000505874438799376e-04 7.643316997443746894e-32 4.226580897961110314e-31 -1.565802880270333007e-03 -1.512513323525591135e-03 -3.633170175890154240e-03 -7.995355382123911937e-04 -7.001195449580441005e-04 -1.123552437282626876e-03 -1.431586906375004881e-03 4.899595020892634491e-32 -1.171655949548475184e-03
5.648698659476009826e-02 -5.873539456524614656e-03 1.066040716923077447e+00 -7.946806106753753762e-02 -5.229480131760240458e-02 -8.107167769814321856e-03 -5.052408271240151766e-02 -6.396931248926170099e-02 -4.276874665650468033e-01 -4.835648555945504246e-02 -9.660826617322247969e-03 3.518691271409994659e-02 -5.206394713620342979e-05 1.637167911449110419e-02 -4.350177527120071413e-02 -1.346077437499813498e-02 -2.491394231299414938e-02 -4.150148053490659156e-02 1.007777732831895423e-01 4.451701848516794596e-02 -3.372915918765299198e-02 -1.519084311191547937e-02 6.911996740228353031e-02 -3.401853795240201983e-02 4.434636286939626186e-03 -1.754924010273419682e-02 -1.338844887929661193e-02 1.637167911449110419e-02 3.518691271409994659e-02 4.434636286939626186e-03 -4.350177527120071413e-02 -1.754924010273419682e-02 1.007777732831895423e-01 -2.491394231299414938e-02 -1.519084311191547937e-02 -1.338844887929661193e-02 -5.206394713620342979e-05 6.911996740228353031e-02 -1.346077437499813498e-02 4.451701848516794596e-02 -3.372915918765299198e-02 -4.150148053490659156e-02 -3.401853795240201983e-02 4.604591352735597568e-03 -1.804921111541050310e-02 -2.225335234873459730e-02 2.655001501965927393e-02 2.567461513033377635e-02 -3.381919012933482134e-03 -2.061741360664704273e-02 -2.942130452925894452e-02 2.206540729898971709e-02 -3.659758444792385323e-02 -4.795970429710624816e-03 -6.422322737456805097e-02 2.073702037249871288e-01 3.999946166661358209e-03 -7.113837814896546707e-02 -2.003131334510453374e-02 -2.604840943500415576e-03 4.517930557275152970e-03 -3.521016428837859397e-02 1.749798547905694057e-01 -1.675538401359373195e-02 -8.866474885396163907e-02 -1.734633045190431266e-02 -2.676111326289168715e-02 7.545159080349900411e-03 -5.027399972249154553e-03 3.038471698255517522e-02 1.755021366990505358e-02 2.093773453890466693e-02 -1.264460358371005157e-02 1.606854640215427121e-02 -3.440823981083498961e-02 3.883897118384568165e-02 4.353692803802906158e-02 -4.353692803802906158e-02 -6.985279958116891001e-03 7.695728763403286536e-03 -1.711258561948068510e-02 -9.041779176775843752e-03 -1.287685339387516399e-02 -1.510124085573260125e-02 -7.398031028687756389e-03 -1.058921593685233087e-02 -2.268821652217583792e-02 -1.217105857125014637e-02 -4.153644909248272767e-03 -7.963364672778035225e-03 2.888421715120316095e-32 -1.424591124779177147e-02 -1.755243348487619398e-02 7.570646565056509715e-03 -1.503479497370410235e-02 -9.490623608555402366e-03 1.308926537375941154e-02 -1.092056431840877050e-02 -2.016156325013588376e-03 -9.714783810441406098e-03 -1.317480876446450351e-02 -1.346816996937302315e-02 -7.746825720068089942e-03 -6.783568507949209840e-03 -5.836662023268570504e-03 4.339564900953794130e-02 -5.878268509517160963e-03 -3.575144659529823701e-03 -9.029096323442878727e-03 -8.230332376595504706e-03 2.440850660337634537e-02 -1.031393503776106314e-02 -2.294080680685336111e-33 -2.434905435341267898e-32 -1.822555997406705153e-02 -1.465497974340455520e-02 4.007463401386786826e-03 -7.746825720067752538e-03 -6.783568507948646922e-03 -1.289524061088442863e-02 1.567336794434888089e-02 -4.105495871622520417e-33 -1.135235897747201121e-02
1.296597220429253350e-01 -5.817404043437350916e-03 -7.946806106753753762e-02 9.658895313688284912e-01 -5.344109580001051019e-02 -8.029684811695298255e-03 -5.070781715620120700e-02 -6.378215793995310745e-02 -4.297942652648780726e-01 -4.912822863244913074e-02 -1.771787089674889404e-02 2.085113878295848794e-02 5.640723110872187390e-02 -2.729233901031141371e-03 -7.703429485349588129e-03 2.611427624259687885e-02 -2.472977277783258709e-02 3.029256220645670274e-03 -3.152145572359814352e-02 -1.616609165864275541e-02 -5.743659375608842557e-04 1.252237401468700960e-02 -1.290661253069111392e-02 -2.328011384876671128e-02 -7.415273980787801672e-03 5.413211019077845271e-02 1.600839795962905390e-02 -2.729233901031141371e-03 2.085113878295848794e-02 -7.415273980787801672e-03 -7.703429485349588129e-03 5.413211019077845271e-02 -3.152145572359814352e-02 -2.472977277783258709e-02 1.252237401468700960e-02 1.600839795962905390e-02 5.640723110872187390e-02 -1.290661253069111392e-02 2.611427624259687885e-02 -1.616609165864275541e-02 -5.743659375608842557e-04 3.029256220645670274e-03 -2.328011384876671128e-02 7.609421922129827598e-02 1.146813544050265428e-02 -1.099634525478426599e-02 3.254700078352674303e-02 -3.892978810202779930e-03 -3.548696543563951717e-03 -8.827526378469638391e-02 9.512878703329522012e-03 -1.798738535569248398e-02 2.399956415687651834e-01 -4.750133710095198920e-03 -6.403293628358702749e-02 -2.653268562566024613e-02 -1.583266412999297101e-02 -5.753207430772833142e-02 -5.716245804447780271e-02 3.377171160023366425e-02 -7.695775797102499816e-02 7.165109976730436869e-02 -7.179455505423335514e-03 -1.659524711317792237e-02 1.469222079578911405e-02 9.583783127159548748e-05 -6.231277064904350294e-02 -1.835931389160007712e-02 8.354357870454298673e-02 -2.236310151201841012e-02 -1.842061575306808835e-02 -7.791186380304425396e-03 4.072180165321952899e-02 -3.978821609659055625e-02 -1.644719936812779476e-02 9.659619666159222767e-03 -7.465344282416733201e-02 7.465344282416733201e-02 3.322118847726334562e-02 2.207833903564112438e-02 8.705084543726793189e-02 -8.955363819752815147e-03 -1.275378492896237642e-02 5.180812366042106265e-03 -7.556176296249097687e-03 1.288146687378325522e-02 -2.329496055236821017e-02 -1.218464317397498914e-02 5.214030208368012481e-02 -7.887256089737715997e-03 2.874831369173681514e-31 1.290614597665877203e-02 -1.780730963765529001e-02 5.156170133864261540e-03 5.032464909782502493e-02 -9.599018172929258547e-03 -1.956289803494311308e-02 -1.101353533803470577e-02 -1.996887233694752059e-03 -9.922453537568260221e-03 -1.335849409050569002e-02 -1.333945009095066289e-02 4.478618298592022123e-02 3.921737127860153160e-02 -5.961430420934390843e-03 1.015487701898451847e-02 2.978204822617184014e-02 4.487844450200560720e-02 -8.942802180760076741e-03 -8.151672292463274516e-03 -1.628027403930224978e-02 -1.059436510251916819e-02 -7.827698560209742484e-33 6.118949158150754522e-31 -1.823118127613019765e-02 -1.451491712055833112e-02 8.220415443009531850e-03 -7.672786673404505785e-03 -6.718735637886804127e-03 6.082803543101739097e-02 -1.373830231688445182e-02 1.552479351731116297e-32 -1.124386062389435594e-02
6.245394419392053670e-02 -2.511483206715818626e-03 -5.229480131760240458e-02 -5.344109580001051019e-02 9.442192260443811325e-01 -3.466566600705808798e-03 -3.114216727110060562e-02 -3.342294965665985884e-02 -2.715102153284629227e-01 -3.833262247105465037e-02 -6.046993849453555225e-02 -1.189688094380352695e-02 2.157638884426443804e-02 -8.105097975100502422e-03 -1.546053845951575467e-02 3.526946776570895684e-03 -1.142486354023627276e-02 1.340350863260834045e-03 5.636526273328099947e-03 -6.979207119833155844e-03 7.058310185141374385e-03 -1.987919436376971855e-02 9.055935767116392310e-03 1.808532508652373541e-03 1.199515732106514691e-03 -1.038952057756254918e-02 1.368748105956058524e-03 -8.105097975100502422e-03 -1.189688094380352695e-02 1.199515732106514691e-03 -1.546053845951575467e-02 -1.038952057756254918e-02 5.636526273328099947e-03 -1.142486354023627276e-02 -1.987919436376971855e-02 1.368748105956058524e-03 2.157638884426443804e-02 9.055935767116392310e-03 3.526946776570895684e-03 -6.979207119833155844e-03 7.058310185141374385e-03 1.340350863260834045e-03 1.808532508652373541e-03 5.740031101539205816e-02 1.725338890466158364e-03 -3.076123706209289016e-03 1.110236570305606421e-02 -2.865646519171999567e-03 -4.294973669129472857e-03 -6.185641976846669582e-02 1.129123955547726710e-01 -2.067318790929265071e-02 3.912791724500766510e-02 -2.050722444835657073e-03 -3.352136553733917057e-02 -2.819584556215869175e-02 -3.907005258389802116e-02 -4.435410354663615884e-02 -2.995834787192826892e-02 -1.899055690100022236e-03 -4.909281531891498962e-02 6.899415187751565051e-03 -4.548073276528989684e-02 -7.164481635594315348e-03 9.222104660825043709e-02 -1.146724717741881040e-02 -3.795641067364042415e-02 -1.401395861031716136e-02 6.435281202758404151e-02 -1.690724319092739777e-02 -1.994967428114496205e-02 -9.612534089496797829e-03 2.873977312391225863e-02 -3.573199635090958809e-02 1.525546993934130680e-02 -1.404368993788772391e-02 -5.405256298682743071e-02 5.405256298682743071e-02 6.824180217921757552e-02 1.077752133466692783e-02 1.084129352796985024e-01 -3.866199713033403006e-03 -5.506049851786218655e-03 -7.850775929290253197e-03 -6.437938369990075724e-03 -6.145113992099967073e-03 -2.569106864461092807e-03 -7.063085951866024566e-03 -1.776068674340699387e-03 -3.405077431193256725e-03 8.215080203864083710e-31 -7.961034762448112104e-03 -1.355265811076527757e-02 -1.190025425318709529e-02 -1.094190545677363458e-02 -6.907011797118913637e-03 -1.531334296359477404e-02 5.295708106022212203e-02 -8.620939366911173308e-04 -8.454030431458143049e-03 -1.006349722895317697e-02 -5.758892564465477662e-03 -3.312486933188523754e-03 -2.900605080705632392e-03 -5.079198809325234480e-03 1.896420385740186544e-03 -7.465290674287796031e-03 -1.528706130341055125e-03 -3.860776616211417187e-03 -3.519230900295695127e-03 -7.028501810280969424e-03 2.886580364223350140e-02 1.573612528958716823e-31 1.716146487290109368e-30 -1.036598257904377748e-02 -6.266363883779052166e-03 3.804869494792255391e-02 -3.312486933188697226e-03 -2.900605080705626320e-03 -7.206240231862761671e-03 -5.931084604061021351e-03 1.381672552535534848e-31 -4.854187009309604561e-03
8.008167977980852614e-03 -8.367257739417854109e-04 -8.107167769814321856e-03 -8.029684811695298255e-03 -3.466566600705808798e-03 1.428060272067384728e+00 -5.584450068429917466e-03 -8.086341324017727941e-03 -4.593802548772495803e-02 -3.902938779535645129e-03 4.164941067831801937e-03 -5.378613437970564300e-03 -1.016455411077231592e-03 -2.700294534303833167e-03 -6.650561077493503948e-03 -7.645407117070559958e-04 -3.418634564785570130e-03 9.125364802977096665e-03 -3.641987889256542710e-03 -2.325192724055545352e-03 -6.553811779197522142e-03 -4.572455869570462086e-03 -1.111407691146626582e-02 1.845749787159119484e-02 -3.491143889148224603e-03 -5.792950163827544248e-03 -5.418801516889128721e-03 -2.700294534303833167e-03 -5.378613437970564300e-03 -3.491143889148224603e-03 -6.650561077493503948e-03 -5.792950163827544248e-03 -3.641987889256542710e-03 -3.418634564785570130e-03 -4.572455869570462086e-03 -5.418801516889128721e-03 -1.016455411077231592e-03 -1.111407691146626582e-02 -7.645407117070559958e-04 -2.325192724055545352e-03 -6.553811779197522142e-03 9.125364802977096665e-03 1.845749787159119484e-02 4.017311966578526738e-02 -4.037872977201417517e-03 -5.635312821287337577e-03 -6.691610750678058522e-03 -1.548040421926866889e-02 6.726203860443799362e-32 -2.576576322664972732e-02 -8.155564836985531793e-03 -4.378972675456188450e-03 8.008660197072135778e-02 -6.832187132316156711e-04 -8.124230769671156316e-03 -4.347575177782979534e-03 -1.304273302382542334e-02 -8.894344643567957814e-03 -7.246309328135159926e-03 -7.432348276514395662e-03 3.388434501856796288e-02 -1.136076474735300303e-02 -7.782435250978401997e-03 -2.386918783850694881e-03 -9.464601434967960525e-03 -6.371110047908397009e-03 2.461318397785235146e-02 -2.121533563715045576e-02 -1.739715024388814937e-02 6.533607439893598934e-02 -1.281261145304724534e-02 -2.768901980398095868e-03 1.353355693749735793e-02 -1.142319567000392964e-02 -4.896422356347042253e-03 -3.065698933373551139e-03 6.955095492204394110e-03 -6.955095492204394110e-03 -4.965308782284925514e-04 -4.069503095989726073e-03 2.034279764465677168e-02 -1.288063140717557930e-03 -1.834395631744213098e-03 -1.915603266748756427e-03 -5.001314788943106134e-04 -1.235013371503864213e-03 -4.331998358176964749e-03 -1.419502649722908074e-03 -5.917150599047917752e-04 -1.134435636013209590e-03 3.748256310720537967e-31 -1.713260493064063623e-03 -1.477790507993306151e-03 -1.645508915396110862e-03 -1.378590052996574427e-03 -8.702266526661754306e-04 -1.545052432950857341e-03 -1.078183296714819300e-03 -2.872152258312973545e-04 -6.567516647894367302e-04 -1.127673981829878077e-03 -1.918632712799142603e-03 -1.103588184636462117e-03 -9.663656219413254344e-04 -3.945777461846176892e-04 1.033767072249938690e-02 -9.542807789898353220e-31 -5.093037519099543426e-04 -1.286256381718135777e-03 -1.172467007088105664e-03 -2.341615743690216196e-03 -5.521844626782135019e-04 -3.497044376291819789e-32 4.601091850061905719e-31 -2.161256724122359151e-03 -2.087701863359533137e-03 -5.014816086662456790e-03 -1.103588184636498546e-03 -9.663656219412805485e-04 -1.550824366577986842e-03 -1.976000214684806282e-03 -1.660787402586665869e-32 -1.617220999671626670e-03
2.732792479232718300e-02 -4.045862716945765672e-03 -5.052408271240151766e-02 -5.070781715620120700e-02 -3.114216727110060562e-02 -5.584450068429917466e-03 8.831115091244282622e-01 -4.280625579549025839e-02 -2.762396911038918490e-01 -2.965132058690052308e-02 -4.046969664147769680e-02 3.062807182303678953e-03 3.893334843634450870e-02 -1.305687158367718065e-02 -3.393011834489956247e-02 1.467652483271312223e-02 -1.700152479271279174e-02 -3.622776610234294120e-02 7.885678846579707857e-02 -1.124312271110141856e-02 -2.376098051678076847e-02 2.434123401777368162e-03 5.845587745014216297e-03 1.712015169279650084e-02 -1.765620757135659760e-02 -7.590485000488719422e-03 -4.977184853662785374e-03 -1.305687158367718065e-02 3.062807182303678953e-03 -1.765620757135659760e-02 -3.393011834489956247e-02 -7.590485000488719422e-03 7.885678846579707857e-02 -1.700152479271279174e-02 2.434123401777368162e-03 -4.977184853662785374e-03 3.893334843634450870e-02 5.845587745014216297e-03 1.467652483271312223e-02 -1.124312271110141856e-02 -2.376098051678076847e-02 -3.622776610234294120e-02 1.712015169279650084e-02 -3.917765415260321925e-03 3.534042990607281359e-02 1.525172876491101906e-02 -8.468397536205797549e-03 9.913182223133656934e-03 -1.739313884878385553e-03 -1.396209434461928404e-02 2.820581792981663102e-02 -6.696958238571791913e-04 -3.373547199284874371e-02 -3.303602214093813959e-03 -4.298326390245023332e-02 7.264519333424050707e-02 -3.220164240082428082e-03 -4.369419285893479804e-02 -2.290981551692935353e-02 -3.626377864307041288e-02 5.730977236041862044e-02 -3.884337755357775146e-02 9.904274885798197703e-02 -1.154158986935808519e-02 -5.430876173374708099e-02 -2.262872690987136753e-02 -2.409234200973548942e-02 3.044294695902920872e-02 2.039383797588769417e-03 -8.607587727265424843e-03 5.126605178442534411e-04 -1.391567728153889592e-02 -1.056930020141187091e-03 -2.266502113873253375e-03 -1.317732824611006145e-02 4.702199740662097588e-02 8.098414676918236701e-03 -8.098414676918236701e-03 6.131928438160095043e-03 8.839146436100163776e-03 -2.147572287448381093e-02 -6.228237255738242398e-03 -8.869946553262739522e-03 -1.011343582183478300e-02 -4.417527426026944710e-03 -6.959086884316694269e-03 -2.163939809650803139e-02 -7.998652079297875750e-03 -2.861149942406578887e-03 -5.485394363911786329e-03 -2.349350611276105349e-32 -9.425641569054411459e-03 1.319144836080461854e-02 -1.077563869024655147e-02 -9.421341707966192358e-03 -5.947165105628536216e-03 -1.179418527801365246e-02 -6.937358474960558102e-03 -1.388786398267263496e-03 -5.800911587709125898e-03 -8.157345142621393735e-03 -9.277262398236079191e-03 6.644193985599539110e-02 -4.672716871540051435e-03 -3.485199570568868650e-03 2.755006766760531578e-02 -3.023181217097819975e-03 -2.462662350826899226e-03 -6.219500941999737964e-03 -5.669289387942478588e-03 -1.132253377373219037e-02 -5.980943422342424771e-03 -5.595749231292967105e-32 2.854294425786358722e-31 1.353689948925655001e-02 -1.009477106611867021e-02 6.959787605913885303e-03 -5.336236112397739831e-03 -4.672716871540098273e-03 -8.531986043626786295e-03 -9.554654399621409847e-03 -3.073443486190441114e-32 -7.819831002465738728e-03
4.498812474136798523e-02 -5.858450962662650405e-03 -6.396931248926170099e-02 -6.378215793995310745e-02 -3.342294965665985884e-02 -8.086341324017727941e-03 -4.280625579549025839e-02 9.358924154735178691e-01 -3.560783569060946840e-01 -3.418673071818033316e-02 -1.409305450253644544e-02 -2.658004031216234728e-02 2.938806272335907702e-03 -2.784792742967218799e-04 1.244847643159591438e-03 2.442245655717363573e-02 2.781037751700997027e-02 -2.467785141713009500e-02 1.404327997235016966e-02 -1.628015770142609425e-02 4.858788811555407594e-02 1.228007925183609642e-02 -4.970367281970149848e-02 2.537309700854215380e-02 2.858218635484245998e-02 5.355352224226331975e-02 -2.443341944128768484e-02 -2.784792742967218799e-04 -2.658004031216234728e-02 2.858218635484245998e-02 1.244847643159591438e-03 5.355352224226331975e-02 1.404327997235016966e-02 2.781037751700997027e-02 1.228007925183609642e-02 -2.443341944128768484e-02 2.938806272335907702e-03 -4.970367281970149848e-02 2.442245655717363573e-02 -1.628015770142609425e-02 4.858788811555407594e-02 -2.467785141713009500e-02 2.537309700854215380e-02 -3.291762254118372772e-03 -2.854203707152339758e-02 4.258455979942681047e-02 3.497546095679329725e-02 -6.601510676351182716e-02 -1.106876224553480104e-03 2.980496006188148791e-02 -7.406856887945481582e-02 -3.515174851184137139e-02 -4.523584963441378004e-02 -4.783650095281718681e-03 9.339664999638392917e-01 -3.434357488867489927e-02 -9.273667828719668604e-02 -6.682549157540185192e-02 -5.285138228047427805e-02 -5.687198157792937303e-02 -9.369866774432270007e-02 -8.727528609742189747e-02 -7.190433559797052010e-02 -1.671234122641009068e-02 -7.483905844812030472e-02 -1.456198742985395124e-02 9.677043332038250123e-02 -5.179975709384295607e-02 -2.051983364865179321e-02 4.639384686876431296e-02 -3.163232763815369136e-02 -1.972226620131322522e-02 2.709452530317012740e-03 -1.149824730387325779e-02 2.948778618815758867e-02 -9.177516876869353316e-03 1.701115348153264123e-02 -1.701115348153264123e-02 -9.398027359843045755e-03 -5.011838205762664950e-03 -1.165509010900614845e-01 -9.018551814363697655e-03 -1.284377413649993339e-02 9.539175995774281172e-03 -4.774014183408563546e-03 -9.275461775371975429e-03 -2.120890250851955802e-02 -1.066105264229853973e-02 -4.142974640294170771e-03 -7.942907641737460833e-03 -1.415809305898702930e-31 1.879516204944244040e-02 -1.269653051808538116e-02 -1.331524818564899619e-02 -1.140587252952261071e-02 -7.199888212256149930e-03 3.484494668368795078e-03 -8.646156830806814297e-03 -2.010977035326682715e-03 2.997582188897325930e-02 -9.616765571719122774e-03 1.303783748537169947e-02 -7.726924954407873511e-03 -6.766142246911029112e-03 -3.766449096360043481e-03 3.663971364425689953e-03 -1.923912320148184500e-03 -3.565960495764958563e-03 -9.005901541921729897e-03 -8.209189534112691991e-03 2.668127220670961711e-02 -5.973232484335806031e-03 -1.982714119651724011e-32 -6.666802881102539300e-31 5.554500857660042354e-03 -1.461733266985868092e-02 2.248827607734268583e-02 5.317797715437979494e-02 4.656571145087718550e-02 -1.151582939029276512e-02 -1.383523816340281355e-02 2.036469805568773782e-32 2.437732638376877495e-02
-1.720355256452529291e-01 -3.328151247363872467e-02 -4.276874665650468033e-01 -4.297942652648780726e-01 -2.715102153284629227e-01 -4.593802548772495803e-02 -2.762396911038918490e-01 -3.560783569060946840e-01 9.816196311868146118e-01 -2.554069855589939375e-01 7.137155640732148476e-02 -2.554479196439117181e-02 -5.767795658255556873e-02 5.361218386547971643e-03 5.757262197572205614e-02 -3.249717558386852612e-02 3.030556705128060677e-02 5.310466878301581262e-02 -7.738631525320904814e-02 4.616483804307782920e-03 6.654035809282261849e-03 3.277010129615638440e-03 -1.588305342561090530e-02 8.416153054216337151e-04 -2.729632676011410977e-04 -3.785799833625259903e-02 1.539781094711053025e-02 5.361218386547971643e-03 -2.554479196439117181e-02 -2.729632676011410977e-04 5.757262197572205614e-02 -3.785799833625259903e-02 -7.738631525320904814e-02 3.030556705128060677e-02 3.277010129615638440e-03 1.539781094711053025e-02 -5.767795658255556873e-02 -1.588305342561090530e-02 -3.249717558386852612e-02 4.616483804307782920e-03 6.654035809282261849e-03 5.310466878301581262e-02 8.416153054216337151e-04 -6.631505673189277972e-02 -1.072197044777608091e-02 -3.493370867520935279e-03 -4.851236934718583527e-02 3.769849073034505990e-04 8.065616137963528900e-03 9.129172964483599217e-02 -1.508164195267933105e-02 1.979485296074111333e-02 -9.233214132485120795e-02 -2.717563248891171138e-02 -3.575278248634993217e-01 -1.160050024597042984e-01 7.828369001874689592e-02 1.580303058682485384e-01 9.429293998653939801e-02 3.519604311879506037e-02 3.415246208079075751e-02 5.169549165733999807e-02 -8.234644080705121050e-02 3.796598771672327760e-02 8.230313514111581297e-02 3.578055647719621118e-02 3.465352114180137583e-02 1.983650617204705396e-02 -5.829636486429148889e-02 -1.739060664318696145e-02 1.599168385282829369e-02 2.435226092400512993e-03 5.685244995417811434e-03 6.615295483909660809e-03 -2.802858770919844540e-03 -3.773884854600211003e-02 2.499867422294079627e-02 -2.499867422294079627e-02 -3.211393217963311175e-02 -2.791669106965513278e-02 -1.865798015246594027e-02 2.048774751353629742e-02 2.917763373166203794e-02 1.071163468588267470e-02 1.722586528643177753e-02 -3.284491793234388390e-03 5.281914398841080355e-02 2.784101767733221724e-02 -2.353599322545907313e-02 1.804417046516085255e-02 -3.085273522703876101e-32 7.448293985105811088e-04 2.005499232109496030e-02 -2.204820351133538080e-05 -2.286673517068826822e-02 2.190731642095025689e-02 1.608021261139106275e-03 1.129811764266029465e-03 -1.142424127333067745e-02 4.335743313370762908e-03 3.047871235798293998e-02 1.716339407114050863e-02 -4.389620240776290205e-02 -1.153358994620080902e-02 1.359031252307163831e-02 -4.061428012604305360e-02 -7.036568656603837263e-03 -2.025801009118082321e-02 2.045900946411348745e-02 7.768256850231393396e-03 -6.216347495115024172e-03 8.763282719655421035e-03 -1.218966962344353416e-32 -2.072243835985401081e-31 1.978032503045550755e-02 3.320668630904536484e-02 -3.703152156418045016e-02 -1.317134353920525365e-02 -1.153358994620097729e-02 -1.371789029016355112e-02 1.571181256918296673e-02 -1.704660941439945250e-32 7.713347186490875432e-03
1.952667522557504504e-02 -2.827629274350873956e-03 -4.835648555945504246e-02 -4.912822863244913074e-02 -3.833262247105465037e-02 -3.902938779535645129e-03 -2.965132058690052308e-02 -3.418673071818033316e-02 -2.554069855589939375e-01 9.704652821139656549e-01 -2.068676339475981896e-02 3.222484148733987391e-02 -5.414204725280398825e-03 -9.125369520525877104e-03 -2.575547774140575508e-02 1.204791267167394826e-02 -1.242517245731866379e-02 -1.441539339558462092e-02 -1.639614114885664525e-03 -7.857751272645867313e-03 -1.386010697626633044e-02 -4.262335761627533519e-03 1.746170087962467185e-02 2.621990236919808509e-02 -1.323305578992006390e-02 -2.341517527093622125e-02 -9.210380896549531446e-03 -9.125369520525877104e-03 3.222484148733987391e-02 -1.323305578992006390e-02 -2.575547774140575508e-02 -2.341517527093622125e-02 -1.639614114885664525e-03 -1.242517245731866379e-02 -4.262335761627533519e-03 -9.210380896549531446e-03 -5.414204725280398825e-03 1.746170087962467185e-02 1.204791267167394826e-02 -7.857751272645867313e-03 -1.386010697626633044e-02 -1.441539339558462092e-02 2.621990236919808509e-02 -4.208299299819605321e-03 3.404589947917129739e-02 -1.266098583047298338e-02 -7.246732705569818370e-03 4.790514842684810010e-02 -3.219487799253647250e-03 -3.104798251689445607e-02 1.679767931631875183e-02 1.509962315071588720e-02 -2.870690235129431250e-02 1.015901851684720969e-01 -3.430329674789345945e-02 5.173636966711266105e-02 -1.796026845530320284e-02 -4.329325674692501708e-02 -3.543358566159124281e-03 -2.217894840606567455e-02 1.352305621184848039e-01 -4.437371751230773792e-02 1.619332394139381959e-02 -8.066348185879913119e-03 -5.115824540138701193e-02 -1.253649416574693920e-02 -2.208824353822429198e-02 1.495909968022751842e-02 -7.841656942061252591e-03 -4.169336159110975312e-03 2.727851030687722736e-02 2.976955393975810188e-02 -9.846551019946808703e-02 8.159438121283066336e-02 4.308816104914274525e-02 4.658781030640875981e-03 1.427175492808087018e-02 -1.427175492808087018e-02 -2.345097325518320439e-02 1.537409108810130348e-02 2.727821375296453701e-03 -4.352877797401804964e-03 -6.199152638295960666e-03 -8.048465510809484427e-03 -5.390712946721424106e-03 3.156119153384789183e-02 -1.592167770570668967e-02 -6.897699213621581553e-03 -1.999640596200090176e-03 -3.833709339615845244e-03 1.442810181236967291e-31 -7.902579863911428359e-03 1.626340807444294490e-02 2.496931353331443421e-02 4.265251611257497855e-02 -6.160329870852633040e-03 3.376827525475542546e-02 -6.834685144333142726e-03 4.270703862515724120e-02 -7.078857963486353232e-03 -8.817185978559422682e-03 -6.483823248183522014e-03 -3.729463529018678825e-03 -3.265733896847532267e-03 -4.252992372221818182e-03 -9.594681262221812709e-03 -5.595939368965360296e-03 -1.721139999850800463e-03 -4.346772039939455004e-03 2.575451107406960885e-02 -7.913251189749311368e-03 -7.994630708450366913e-03 7.743563340526191893e-32 4.001202269720076360e-31 -1.021130216615166383e-02 -7.055175170644857954e-03 2.688725521084497916e-03 -3.729463529018952478e-03 -3.265733896847585176e-03 -7.153327507053299644e-03 -6.677690860225916555e-03 3.237171191536383483e-32 -5.465233155450273210e-03
-8.005579230016833525e-02 -4.158121444536717849e-04 -9.660826617322247969e-03 -1.771787089674889404e-02 -6.046993849453555225e-02 4.164941067831801937e-03 -4.046969664147769680e-02 -1.409305450253644544e-02 7.137155640732148476e-02 -2.068676339475981896e-02 1.090951596437710336e+00 3.222716052378910012e-02 -1.593979510936994332e-02 3.301567436180711385e-02 9.403509691799698256e-03 -1.369860892810429408e-03 6.269819524257849719e-02 1.461110224402669897e-03 -2.244134499113864534e-02 8.881406717304027917e-04 4.607584955473780462e-03 2.754183101112430906e-02 -1.885385151783997362e-02 5.564894033097511628e-03 9.427820002529674337e-04 -3.291859612895027976e-03 -4.261966811655185094e-02 3.301567436180711385e-02 3.222716052378910012e-02 9.427820002529674337e-04 9.403509691799698256e-03 -3.291859612895027976e-03 -2.244134499113864534e-02 6.269819524257849719e-02 2.754183101112430906e-02 -4.261966811655185094e-02 -1.593979510936994332e-02 -1.885385151783997362e-02 -1.369860892810429408e-03 8.881406717304027917e-04 4.607584955473780462e-03 1.461110224402669897e-03 5.564894033097511628e-03 -2.067090985814309945e-02 1.553421397711226420e-02 1.086268776909091356e-02 -1.624980916130054631e-02 -3.202367915364578987e-02 -1.664357914136820396e-02 4.446086505235880698e-02 -3.148891468516410580e-02 1.340312045402525416e-02 -1.670302559383763513e-02 1.616759605335885489e-02 -1.409502741929804029e-02 2.752822501390303836e-02 2.670080052001089655e-03 2.632321314536790677e-02 3.038972879797524618e-02 -1.939826150501763186e-02 1.206734000525324464e-03 -5.009704039952815602e-05 -5.129206590371358440e-03 -5.030023417844702201e-03 8.560802012302092673e-03 4.624529255474572886e-02 1.741526471890258998e-02 -2.740346832408339581e-03 -1.938928351779417580e-02 -7.234836882388899493e-03 -6.678960457182945426e-03 2.086370738409509124e-02 -8.294279043225376291e-02 1.326358829591336164e-01 -3.664627150661148303e-02 -5.522630442218107866e-02 -2.459420855688325067e-02 2.459420855688325067e-02 8.489021581530018824e-04 -2.171766416571065811e-02 -5.090469676113543174e-02 1.580885995896630022e-02 5.273744072794033953e-04 6.974291311917765745e-02 5.979344326809666287e-03 -1.381207587530262904e-02 1.183741967804327888e-01 2.951992109596643897e-03 1.025830999690458857e-02 2.410478560594743469e-02 9.910731389495397508e-33 -2.272769896977347090e-02 -1.329257945332233334e-02 -1.659068162772867408e-02 -3.913442659687570678e-03 -1.115433174024942076e-02 -2.541170817626737730e-04 -2.347358376573377425e-02 1.144481159144656581e-03 -1.332324077595371109e-02 1.811800855997695858e-02 -1.904575839928010494e-02 1.087206417965216193e-02 1.785956599894483049e-02 5.935070397425853267e-03 -7.699874554791703851e-02 -1.697368654640976984e-02 3.161071748616703890e-03 1.262247771489858825e-02 1.087827338052531692e-02 2.052953079336165831e-02 -1.527714553921362406e-02 5.387871829678884916e-33 1.827693321179670595e-32 -1.674536594768000208e-02 -6.164443569569892471e-03 3.616308475476257694e-02 3.500319285052842008e-03 -4.867661332797862742e-03 -1.368111220423615104e-02 7.699329581386286925e-02 9.236892509690133049e-34 -2.009705876357438178e-02
-1.189980689204089143e-02 -3.896736708340569396e-03 3.518691271409994659e-02 2.085113878295848794e-02 -1.189688094380352695e-02 -5.378613437970564300e-03 3.062807182303678953e-03 -2.658004031216234728e-02 -2.554479196439117181e-02 3.222484148733987391e-02 3.222716052378910012e-02 9.570087470367075744e-01 -2.123524793020368368e-02 -1.257560979098716787e-02 -3.277195413540758689e-02 -1.375598348442267499e-02 -1.639945144705848984e-02 -1.223723252603787920e-01 -3.752651116039237844e-02 -1.082871368848734896e-02 -3.198341723078842319e-02 -2.382509591082946146e-02 -8.086968167549002384e-02 -9.609379434046400048e-02 -1.704586696867643400e-02 -2.908397384443674530e-02 -3.514482410298188503e-02 -1.257560979098716787e-02 9.570087470367075744e-01 -1.704586696867643400e-02 -3.277195413540758689e-02 -2.908397384443674530e-02 -3.752651116039237844e-02 -1.639945144705848984e-02 -2.382509591082946146e-02 -3.514482410298188503e-02 -2.123524793020368368e-02 -8.086968167549002384e-02 -1.375598348442267499e-02 -1.082871368848734896e-02 -3.198341723078842319e-02 -1.223723252603787920e-01 -9.609379434046400048e-02 -1.959304956844522619e-02 1.138364359527472072e-02 3.093415024748039782e-02 -4.425166367283298735e-03 1.229180228605909406e-02 -1.765944960719563776e-03 -6.452545627062857003e-04 2.895419674825824852e-02 5.384950347250946207e-02 -1.266542296362217594e-02 -3.181835103672199776e-03 -2.677503324295569392e-02 5.950131818191874145e-02 -1.716705150522095449e-02 -2.720452501493994882e-02 -2.856410041873256450e-02 -1.817014416425012657e-02 2.757454033582341230e-03 -1.311410155164014629e-02 1.384000685671748360e-02 -1.111617967860702508e-02 7.702756710623282280e-03 -1.055884457003872581e-02 -3.424263209010997705e-02 4.546383980068372660e-02 -3.309056422315002216e-02 3.545964381434702634e-02 9.849812009981764871e-03 -1.343025790110356429e-02 -2.122629804619727278e-02 2.352082392944150613e-02 9.384684948003537558e-03 1.400084597930400729e-03 2.356632070393161263e-02 -2.356632070393161263e-02 -9.580272057019868781e-03 -2.142970745579548739e-03 2.275683511175534066e-02 -5.998671344195839056e-03 -8.543010169463564896e-03 2.088158646143109531e-02 -4.359001666537711678e-03 -6.754093581884855479e-03 -2.087793038686091771e-02 -7.763036382584255143e-03 -2.755691131571689090e-03 -5.283208816763647342e-03 -9.297273016054705676e-32 -9.137771237646565015e-03 -1.063084309401931757e-02 2.334370107319302945e-02 4.043891897208228697e-02 -5.818699456431784822e-03 3.293716006174897404e-02 -6.771594586951384769e-03 -1.337597273260111852e-03 -5.724058016999475362e-03 -7.997776212543262347e-03 -8.935312804535621226e-03 -5.139548372825899353e-03 -4.500485714641381911e-03 -3.439025787778712557e-03 -2.180473837440103854e-04 -3.069469911147849461e-03 -2.371891350273203341e-03 6.813917384460407844e-02 -5.460325674342643605e-03 -1.090519774750101437e-02 -5.933224586404933255e-03 -3.266651642527863579e-32 -7.311908968223971948e-32 -1.166008808238230138e-02 -9.722689010402511822e-03 -1.521340106291731858e-03 7.436284051932443018e-02 -4.500485714641407932e-03 -8.271409017442480152e-03 -9.202480444670970913e-03 4.050604502200186827e-34 -7.531600712180543111e-03
